points:
0.707106781186547 0.707106781186547 -2 
0.707106781186547 0.707106781186547 2 
0.987688340595138 0.156434465040231 -2 
0.987688340595138 0.156434465040231 2 
0.891006524188368 -0.453990499739547 -2 
0.891006524188368 -0.453990499739547 2 
0.453990499739547 -0.891006524188368 -2 
0.453990499739547 -0.891006524188368 2 
-0.156434465040231 -0.987688340595138 -2 
-0.156434465040231 -0.987688340595138 2 
-0.707106781186547 -0.707106781186548 -2 
-0.707106781186547 -0.707106781186548 2 
-0.987688340595138 -0.156434465040231 -2 
-0.987688340595138 -0.156434465040231 2 
-0.891006524188368 0.453990499739547 -2 
-0.891006524188368 0.453990499739547 2 
-0.453990499739547 0.891006524188368 -2 
-0.453990499739547 0.891006524188368 2 
0.156434465040231 0.987688340595138 -2 
0.156434465040231 0.987688340595138 2 
0.707106781186547 0.707106781186548 -2 
0.707106781186547 0.707106781186548 2 
elements:
0 1 3 2
2 3 5 4 
4 5 6 
6 5 7 
6 7 8 
8 7 9 
8 9 10 
10 9 11 
10 11 12 
12 11 13 
12 13 14 
14 13 15 
14 15 16 
16 15 17 
16 17 18 
18 17 19 
18 19 20 
20 19 21 
